1.	0.44887698667435355	0.24856702005516235
1.05	0.45394602670258694	0.0271411444637881
1.1	0.4544871892528597	0.0027458701151709466
1.15	0.45454032232223074	0.0002516500456018013
1.2	0.4545450456386781	0.000020828720576996717
1.25	0.4545454250890985	1.5562333690229585e-6
1.3	0.454545452627416	1.0494174788414994e-7
1.35	0.45454545443259325	6.386228582992265e-9
1.4	0.4545454545394534	3.504418977229432e-10
1.45	0.4545454545451667	1.724638950169794e-11
1.5	0.4545454545454456	1.6477560057145017e-12
1.55	0.4545454545454546	0.
1.6	0.4545454545454546	0.
1.65	0.4545454545454546	0.
1.7000000000000002	0.4545454545454546	0.
1.75	0.4545454545454546	0.
1.8	0.4545454545454546	0.
1.85	0.4545454545454546	0.
1.9	0.4545454545454546	0.
1.9500000000000002	0.4545454545454546	0.
2.	0.4545454545454546	0.
2.05	0.4545454545454546	0.
2.1	0.4545454545454546	0.
2.1500000000000004	0.4545454545454546	0.
2.2	0.4545454545454546	0.
2.25	0.4545454545454546	0.
2.3	0.4545454545454546	0.
2.35	0.4545454545454546	0.
2.4000000000000004	0.4545454545454546	0.
2.45	0.4545454545454546	0.
2.5	0.4545454545454546	0.
2.55	0.4545454545454546	0.
2.6	0.4545454545454546	0.
2.6500000000000004	0.4545454545454546	0.
2.7	0.4545454545454546	0.
2.75	0.4545454545454546	0.
2.8	0.4545454545454546	0.
2.85	0.4545454545454546	0.
2.9000000000000004	0.4545454545454546	0.
2.95	0.4545454545454546	0.
3.	0.4545454545454546	0.
3.0500000000000003	0.4545454545454546	0.
3.1	0.4545454545454546	0.
3.15	0.4545454545454546	0.
3.2	0.4545454545454546	0.
3.25	0.4545454545454546	0.
3.3000000000000003	0.4545454545454546	0.
3.35	0.4545454545454546	0.
3.4000000000000004	0.4545454545454546	0.
3.45	0.4545454545454546	0.
3.5	0.4545454545454546	0.
3.5500000000000003	0.4545454545454546	0.
3.6	0.4545454545454546	0.
3.6500000000000004	0.4545454545454546	0.
3.7	0.4545454545454546	0.
3.75	0.4545454545454546	0.
3.8000000000000003	0.4545454545454546	0.
3.85	0.4545454545454546	0.
3.9000000000000004	0.4545454545454546	0.
3.95	0.4545454545454546	0.
4.	0.4545454545454546	0.
4.050000000000001	0.4545454545454546	0.
4.1	0.4545454545454546	0.
4.15	0.4545454545454546	0.
4.2	0.4545454545454546	0.
4.25	0.4545454545454546	0.
4.300000000000001	0.4545454545454546	0.
4.35	0.4545454545454546	0.
4.4	0.4545454545454546	0.
4.45	0.4545454545454546	0.
4.5	0.4545454545454546	0.
4.550000000000001	0.4545454545454546	0.
4.6	0.4545454545454546	0.
4.65	0.4545454545454546	0.
4.7	0.4545454545454546	0.
4.75	0.4545454545454546	0.
4.800000000000001	0.4545454545454546	0.
4.85	0.4545454545454546	0.
4.9	0.4545454545454546	0.
4.95	0.4545454545454546	0.
5.	0.4545454545454546	0.