1.	0.4471476145607695	0.32416451405412394
1.05	0.45376259278252634	0.035444337405851595
1.1	0.4544693535599	0.003586389895288141
1.15	0.4545387512384222	0.00032868534319460934
1.2	0.4545449204631494	0.000027204856579513892
1.25	0.4545454160718482	2.0326312836586383e-6
1.3	0.45454545204026575	1.370675813590811e-7
1.35	0.4545454543980336	8.340684624445328e-9
1.4	0.4545454545376193	4.579207383652008e-10
1.45	0.4545454545450741	2.262634524186067e-11
1.5	0.454545454545434	6.827871601444705e-13
1.55	0.4545454545454546	0.
1.6	0.4545454545454546	0.
1.65	0.4545454545454546	0.
1.7000000000000002	0.4545454545454546	0.
1.75	0.4545454545454546	0.
1.8	0.4545454545454546	0.
1.85	0.4545454545454546	0.
1.9	0.4545454545454546	0.
1.9500000000000002	0.4545454545454546	0.
2.	0.4545454545454546	0.
2.05	0.4545454545454546	0.
2.1	0.4545454545454546	0.
2.1500000000000004	0.4545454545454546	0.
2.2	0.4545454545454546	0.
2.25	0.4545454545454546	0.
2.3	0.4545454545454546	0.
2.35	0.4545454545454546	0.
2.4000000000000004	0.4545454545454546	0.
2.45	0.4545454545454546	0.
2.5	0.4545454545454546	0.
2.55	0.4545454545454546	0.
2.6	0.4545454545454546	0.
2.6500000000000004	0.4545454545454546	0.
2.7	0.4545454545454546	0.
2.75	0.4545454545454546	0.
2.8	0.4545454545454546	0.
2.85	0.4545454545454546	0.
2.9000000000000004	0.4545454545454546	0.
2.95	0.4545454545454546	0.
3.	0.4545454545454546	0.
3.0500000000000003	0.4545454545454546	0.
3.1	0.4545454545454546	0.
3.15	0.4545454545454546	0.
3.2	0.4545454545454546	0.
3.25	0.4545454545454546	0.
3.3000000000000003	0.4545454545454546	0.
3.35	0.4545454545454546	0.
3.4000000000000004	0.4545454545454546	0.
3.45	0.4545454545454546	0.
3.5	0.4545454545454546	0.
3.5500000000000003	0.4545454545454546	0.
3.6	0.4545454545454546	0.
3.6500000000000004	0.4545454545454546	0.
3.7	0.4545454545454546	0.
3.75	0.4545454545454546	0.
3.8000000000000003	0.4545454545454546	0.
3.85	0.4545454545454546	0.
3.9000000000000004	0.4545454545454546	0.
3.95	0.4545454545454546	0.
4.	0.4545454545454546	0.
4.050000000000001	0.4545454545454546	0.
4.1	0.4545454545454546	0.
4.15	0.4545454545454546	0.
4.2	0.4545454545454546	0.
4.25	0.4545454545454546	0.
4.300000000000001	0.4545454545454546	0.
4.35	0.4545454545454546	0.
4.4	0.4545454545454546	0.
4.45	0.4545454545454546	0.
4.5	0.4545454545454546	0.
4.550000000000001	0.4545454545454546	0.
4.6	0.4545454545454546	0.
4.65	0.4545454545454546	0.
4.7	0.4545454545454546	0.
4.75	0.4545454545454546	0.
4.800000000000001	0.4545454545454546	0.
4.85	0.4545454545454546	0.
4.9	0.4545454545454546	0.
4.95	0.4545454545454546	0.
5.	0.4545454545454546	0.