1.	0.4405970212017955	0.6096329567054817
1.05	0.45306576310354857	0.06697834981349288
1.1	0.45440158002018644	0.006780187333164465
1.15	0.45453278113652784	0.0006214180434801339
1.2	0.45454444479659095	0.00005143417617370356
1.25	0.45454538180628407	3.842943067470606e-6
1.3	0.45454544980908373	2.5914277205589044e-7
1.35	0.45454545426674214	1.5769140622919582e-8
1.4	0.45454545453063744	8.655067403514568e-10
1.45	0.4545454545447476	4.2878663582731224e-11
1.5	0.4545454545454263	1.876276911616513e-12
1.55	0.4545454545454546	0.
1.6	0.4545454545454546	0.
1.65	0.4545454545454546	0.
1.7000000000000002	0.4545454545454546	0.
1.75	0.4545454545454546	0.
1.8	0.4545454545454546	0.
1.85	0.4545454545454546	0.
1.9	0.4545454545454546	0.
1.9500000000000002	0.4545454545454546	0.
2.	0.4545454545454546	0.
2.05	0.4545454545454546	0.
2.1	0.4545454545454546	0.
2.1500000000000004	0.4545454545454546	0.
2.2	0.4545454545454546	0.
2.25	0.4545454545454546	0.
2.3	0.4545454545454546	0.
2.35	0.4545454545454546	0.
2.4000000000000004	0.4545454545454546	0.
2.45	0.4545454545454546	0.
2.5	0.4545454545454546	0.
2.55	0.4545454545454546	0.
2.6	0.4545454545454546	0.
2.6500000000000004	0.4545454545454546	0.
2.7	0.4545454545454546	0.
2.75	0.4545454545454546	0.
2.8	0.4545454545454546	0.
2.85	0.4545454545454546	0.
2.9000000000000004	0.4545454545454546	0.
2.95	0.4545454545454546	0.
3.	0.4545454545454546	0.
3.0500000000000003	0.4545454545454546	0.
3.1	0.4545454545454546	0.
3.15	0.4545454545454546	0.
3.2	0.4545454545454546	0.
3.25	0.4545454545454546	0.
3.3000000000000003	0.4545454545454546	0.
3.35	0.4545454545454546	0.
3.4000000000000004	0.4545454545454546	0.
3.45	0.4545454545454546	0.
3.5	0.4545454545454546	0.
3.5500000000000003	0.4545454545454546	0.
3.6	0.4545454545454546	0.
3.6500000000000004	0.4545454545454546	0.
3.7	0.4545454545454546	0.
3.75	0.4545454545454546	0.
3.8000000000000003	0.4545454545454546	0.
3.85	0.4545454545454546	0.
3.9000000000000004	0.4545454545454546	0.
3.95	0.4545454545454546	0.
4.	0.4545454545454546	0.
4.050000000000001	0.4545454545454546	0.
4.1	0.4545454545454546	0.
4.15	0.4545454545454546	0.
4.2	0.4545454545454546	0.
4.25	0.4545454545454546	0.
4.300000000000001	0.4545454545454546	0.
4.35	0.4545454545454546	0.
4.4	0.4545454545454546	0.
4.45	0.4545454545454546	0.
4.5	0.4545454545454546	0.
4.550000000000001	0.4545454545454546	0.
4.6	0.4545454545454546	0.
4.65	0.4545454545454546	0.
4.7	0.4545454545454546	0.
4.75	0.4545454545454546	0.
4.800000000000001	0.4545454545454546	0.
4.85	0.4545454545454546	0.
4.9	0.4545454545454546	0.
4.95	0.4545454545454546	0.
5.	0.4545454545454546	0.